service_id,monday,tuesday,wednesday,thursday,friday,saturday,sunday,start_date,end_date
(9A) 6E URB EO,0,0,0,0,0,0,0,20260809,20261219
10E SHOW EO,0,0,0,0,0,0,0,20260809,20261219
10E SHOW MTTF,0,0,0,0,0,0,0,20260809,20261219
10W UHS UMS MF,0,0,0,0,0,0,0,20260809,20261219
16A 1 SHOW MF,0,0,0,0,0,0,0,20260809,20261219
16A 2 SHOW MF,0,0,0,0,0,0,0,20260809,20261219
16B 1 SHOW MF,0,0,0,0,0,0,0,20260809,20261219
16B 2 9A SHO MTTF,0,0,0,0,0,0,0,20260809,20261219
16B#2 SHOW WED,0,0,0,0,0,0,0,20260809,20261219
17E 7E CHA ONLY,0,0,0,0,0,0,0,20260809,20261219
17E 7E MF,0,0,0,0,0,0,0,20260809,20261219
17E 7E URB ONLY,0,0,0,0,0,0,0,20260809,20261219
17W 1 SHOW MF,0,0,0,0,0,0,0,20260809,20261219
17W 2 SHOW MF,0,0,0,0,0,0,0,20260809,20261219
17W 3 SHOW MF,0,0,0,0,0,0,0,20260809,20261219
17W 4 SHOW MF,0,0,0,0,0,0,0,20260809,20261219
17W 5 SHOW MF,0,0,0,0,0,0,0,20260809,20261219
1N 16B 2 SHO MTTF,0,0,0,0,0,0,0,20260809,20261219
1N SHOW #1 MF,0,0,0,0,0,0,0,20260809,20261219
1N SHOW #3 WED,0,0,0,0,0,0,0,20260809,20261219
1N SHOW 2 MF,0,0,0,0,0,0,0,20260809,20261219
1N SHOW MF,0,0,0,0,0,0,0,20260809,20261219
1S 8E CHA ONLY,0,0,0,0,0,0,0,20260809,20261219
1S 8E SHOW MF,0,0,0,0,0,0,0,20260809,20261219
1S 8E URB ONLY,0,0,0,0,0,0,0,20260809,20261219
1S SHOW 2,0,0,0,0,0,0,0,20260809,20261219
3N 7W NO CHA,0,0,0,0,0,0,0,20260809,20261219
3N 7W NO URB,0,0,0,0,0,0,0,20260809,20261219
3N 7W SHOW MTTF,0,0,0,0,0,0,0,20260809,20261219
3N 7W URB EO MTTF,0,0,0,0,0,0,0,20260809,20261219
3N EMS WED,0,0,0,0,0,0,0,20260809,20261219
3N SHOW #2 WED,0,0,0,0,0,0,0,20260809,20261219
3N SHOW MF,0,0,0,0,0,0,0,20260809,20261219
3S 5W CHA ONLY,0,0,0,0,0,0,0,20260809,20261219
3S 5W MF,0,0,0,0,0,0,0,20260809,20261219
3S 5W URB ONLY,0,0,0,0,0,0,0,20260809,20261219
5E #3 SHOW MTTF,0,0,0,0,0,0,0,20260809,20261219
5E SHOW 1 WED,0,0,0,0,0,0,0,20260809,20261219
5E SHOW 2 WED,0,0,0,0,0,0,0,20260809,20261219
5E UHS SHO WED,0,0,0,0,0,0,0,20260809,20261219
5E#1 URB EO,0,0,0,0,0,0,0,20260809,20261219
5E#1 URB MTTF,0,0,0,0,0,0,0,20260809,20261219
5E#3 SHOW WED,0,0,0,0,0,0,0,20260809,20261219
6E #2 SHOW WED,0,0,0,0,0,0,0,20260809,20261219
6E 7W SHOW WED,0,0,0,0,0,0,0,20260809,20261219
6E SHOW EO MTTF,0,0,0,0,0,0,0,20260809,20261219
6E SHOW MTTF,0,0,0,0,0,0,0,20260809,20261219
7E 1 SHOW WED,0,0,0,0,0,0,0,20260809,20261219
7E 2 SHOW WED,0,0,0,0,0,0,0,20260809,20261219
7E 5E CHA ONLY,0,0,0,0,0,0,0,20260809,20261219
7E 5E MTTF,0,0,0,0,0,0,0,20260809,20261219
7E 5E URB EO,0,0,0,0,0,0,0,20260809,20261219
7E 5E URB ONLY,0,0,0,0,0,0,0,20260809,20261219
7W 1 SHOW WED,0,0,0,0,0,0,0,20260809,20261219
7W 2 SHOW MTTF,0,0,0,0,0,0,0,20260809,20261219
7W 2 SHOW WED,0,0,0,0,0,0,0,20260809,20261219
7W 5E AMSHOW MF,0,0,0,0,0,0,0,20260809,20261219
7W 5E CHA ONLY,0,0,0,0,0,0,0,20260809,20261219
7W 5E URB ONLY,0,0,0,0,0,0,0,20260809,20261219
7W 7E 5E MTTF,0,0,0,0,0,0,0,20260809,20261219
7W 7E 5E URBEO MTTF,0,0,0,0,0,0,0,20260809,20261219
7W SHOW MF,0,0,0,0,0,0,0,20260809,20261219
8E 5E SHOW WED,0,0,0,0,0,0,0,20260809,20261219
9A 10E CHA ONLY,0,0,0,0,0,0,0,20260809,20261219
9A 10E MTTF,0,0,0,0,0,0,0,20260809,20261219
9A 10E URB ONLY,0,0,0,0,0,0,0,20260809,20261219
9A 6E MTTF,0,0,0,0,0,0,0,20260809,20261219
9A 6E URB ONLY,0,0,0,0,0,0,0,20260809,20261219
9A SHOW #2 WED,0,0,0,0,0,0,0,20260809,20261219
9A SHOW MF,0,0,0,0,0,0,0,20260809,20261219
9A SHOW MTTF,0,0,0,0,0,0,0,20260809,20261219
9A SHOW WED,0,0,0,0,0,0,0,20260809,20261219
9B 7E CHA ONLY,0,0,0,0,0,0,0,20260809,20261219
9B 7E SHO MF,0,0,0,0,0,0,0,20260809,20261219
9B 7E SHOW MF,0,0,0,0,0,0,0,20260809,20261219
9B 7E URB ONLY,0,0,0,0,0,0,0,20260809,20261219
9B SHOW MF,0,0,0,0,0,0,0,20260809,20261219
B1 MF,0,0,0,0,0,0,0,20260809,20261219
B2 MF,0,0,0,0,0,0,0,20260809,20261219
B3 NOSCH MF,0,0,0,0,0,0,0,20260809,20261219
B3 SCH MF,0,0,0,0,0,0,0,20260809,20261219
B4 NOSCH MF,0,0,0,0,0,0,0,20260809,20261219
B4 SCH MTTF,0,0,0,0,0,0,0,20260809,20261219
B4 SCH WED,0,0,0,0,0,0,0,20260809,20261219
BA1 MF,0,0,0,0,0,0,0,20260809,20261219
BA2 NOSCH MF,0,0,0,0,0,0,0,20260809,20261219
BA2 SCH MF,0,0,0,0,0,0,0,20260809,20261219
BB1 MF,0,0,0,0,0,0,0,20260809,20261219
BB2 MF,0,0,0,0,0,0,0,20260809,20261219
BZ1 NOSCH MF,0,0,0,0,0,0,0,20260809,20261219
BZ1 SCH MTTF,0,0,0,0,0,0,0,20260809,20261219
BZ1 SCH W,0,0,0,0,0,0,0,20260809,20261219
BZ2 NOSCH MF,0,0,0,0,0,0,0,20260809,20261219
BZ2 SCH MTTF,0,0,0,0,0,0,0,20260809,20261219
BZ2 URB EO,0,0,0,0,0,0,0,20260809,20261219
BZ2 WED,0,0,0,0,0,0,0,20260809,20261219
CH1 MF,0,0,0,0,0,0,0,20260809,20261219
CH2 MF,0,0,0,0,0,0,0,20260809,20261219
CH3 MF,0,0,0,0,0,0,0,20260809,20261219
CHERRY SHOW MF,0,0,0,0,0,0,0,20260809,20261219
G1 MF[V:0001],0,0,0,0,0,0,0,20260809,20261219
G2 MF,0,0,0,0,0,0,0,20260809,20261219
G2 MF[V:0001],0,0,0,0,0,0,0,20260809,20261219
G3 MF,0,0,0,0,0,0,0,20260809,20261219
G3 MF[V:0001],0,0,0,0,0,0,0,20260809,20261219
G4 MF,0,0,0,0,0,0,0,20260809,20261219
G4 MF[V:0001],0,0,0,0,0,0,0,20260809,20261219
G5 MF[V:0001],0,0,0,0,0,0,0,20260809,20261219
G6 MF,0,0,0,0,0,0,0,20260809,20261219
G6 MF[V:0001],0,0,0,0,0,0,0,20260809,20261219
GN1 MF,0,0,0,0,0,0,0,20260809,20261219
GN1 SA,0,0,0,0,0,0,0,20260809,20261219
GN1 SU,0,0,0,0,0,0,0,20260809,20261219
GN10 MF (GNX4),0,0,0,0,0,0,0,20260809,20261219
GN11 NONUIMF (GNX5),0,0,0,0,0,0,0,20260809,20261219
GN11 UIMF (GNX5),0,0,0,0,0,0,0,20260809,20261219
GN12 MF (GNX2),0,0,0,0,0,0,0,20260809,20261219
GN12 MF (GNX2) (Grey Show),0,0,0,0,0,0,0,20260809,20261219
GN2 MF,0,0,0,0,0,0,0,20260809,20261219
GN2 NONUI SA,0,0,0,0,0,0,0,20260809,20261219
GN2 SU,0,0,0,0,0,0,0,20260809,20261219
GN2 UISA,0,0,0,0,0,0,0,20260809,20261219
GN3 NONUI SA,0,0,0,0,0,0,0,20260809,20261219
GN3 NOSCH,0,0,0,0,0,0,0,20260809,20261219
GN3 SCH WED,0,0,0,0,0,0,0,20260809,20261219
GN3 SCHOOL MF,0,0,0,0,0,0,0,20260809,20261219
GN3 SU,0,0,0,0,0,0,0,20260809,20261219
GN3 UISA,0,0,0,0,0,0,0,20260809,20261219
GN4 MF,0,0,0,0,0,0,0,20260809,20261219
GN4 SA,0,0,0,0,0,0,0,20260809,20261219
GN4 SU,0,0,0,0,0,0,0,20260809,20261219
GN5 MF,0,0,0,0,0,0,0,20260809,20261219
GN5 SA,0,0,0,0,0,0,0,20260809,20261219
GN6 NOSCH MF,0,0,0,0,0,0,0,20260809,20261219
GN6 SCH MF,0,0,0,0,0,0,0,20260809,20261219
GN7 NONUI,0,0,0,0,0,0,0,20260809,20261219
GN7 UI MTH,0,0,0,0,0,0,0,20260809,20261219
GN7 UIF,0,0,0,0,0,0,0,20260809,20261219
GN8 MF,0,0,0,0,0,0,0,20260809,20261219
GN9 MTTF,0,0,0,0,0,0,0,20260809,20261219
GN9 NO SCH URB,0,0,0,0,0,0,0,20260809,20261219
GN9 SHOW,0,0,0,0,0,0,0,20260809,20261219
GN9 URBEO,0,0,0,0,0,0,0,20260809,20261219
GN9 WED,0,0,0,0,0,0,0,20260809,20261219
GR1 MF NOSCH,0,0,0,0,0,0,0,20260809,20261219
GR1 MF SCH,0,0,0,0,0,0,0,20260809,20261219
GR1 SA,0,0,0,0,0,0,0,20260809,20261219
GR1 SU,0,0,0,0,0,0,0,20260809,20261219
GR2 MF,0,0,0,0,0,0,0,20260809,20261219
GR2 SA,0,0,0,0,0,0,0,20260809,20261219
GR2 SU,0,0,0,0,0,0,0,20260809,20261219
GR3 NONUI,0,0,0,0,0,0,0,20260809,20261219
GR3 SA,0,0,0,0,0,0,0,20260809,20261219
GR3 SU,0,0,0,0,0,0,0,20260809,20261219
GR3 UI,0,0,0,0,0,0,0,20260809,20261219
GR3 UISU LATE,0,0,0,0,0,0,0,20260809,20261219
GR4 MF,0,0,0,0,0,0,0,20260809,20261219
GR4 SA,0,0,0,0,0,0,0,20260809,20261219
GR4 SU,0,0,0,0,0,0,0,20260809,20261219
GR5 SA,0,0,0,0,0,0,0,20260809,20261219
I1 NONUI MF,0,0,0,0,0,0,0,20260809,20261219
I1 NONUI SA,0,0,0,0,0,0,0,20260809,20261219
I1 SU,0,0,0,0,0,0,0,20260809,20261219
I1 THURS,0,0,0,0,0,0,0,20260809,20261219
I1 UI F,0,0,0,0,0,0,0,20260809,20261219
I1 UI MTH LATE,0,0,0,0,0,0,0,20260809,20261219
I1 UIF LATE,0,0,0,0,0,0,0,20260809,20261219
I1 UIMF,0,0,0,0,0,0,0,20260809,20261219
I1 UISA,0,0,0,0,0,0,0,20260809,20261219
I1 UISU LATE,0,0,0,0,0,0,0,20260809,20261219
I2 NONUI MF,0,0,0,0,0,0,0,20260809,20261219
I2 NONUI SA,0,0,0,0,0,0,0,20260809,20261219
I2 SU,0,0,0,0,0,0,0,20260809,20261219
I2 THURS,0,0,0,0,0,0,0,20260809,20261219
I2 UI MTH,0,0,0,0,0,0,0,20260809,20261219
I2 UIF,0,0,0,0,0,0,0,20260809,20261219
I2 UIF LATE,0,0,0,0,0,0,0,20260809,20261219
I2 UISA,0,0,0,0,0,0,0,20260809,20261219
I2 UISU LATE,0,0,0,0,0,0,0,20260809,20261219
I3 UIMF,0,0,0,0,0,0,0,20260809,20261219
I3 UISU,0,0,0,0,0,0,0,20260809,20261219
I3UISA,0,0,0,0,0,0,0,20260809,20261219
I4 THURS,0,0,0,0,0,0,0,20260809,20261219
I4 UIF,0,0,0,0,0,0,0,20260809,20261219
I4 UIF LATE,0,0,0,0,0,0,0,20260809,20261219
I4 UIMF,0,0,0,0,0,0,0,20260809,20261219
I4 UIMTH LATE,0,0,0,0,0,0,0,20260809,20261219
I4 UISU,0,0,0,0,0,0,0,20260809,20261219
I4UISA,0,0,0,0,0,0,0,20260809,20261219
I5 THURS,0,0,0,0,0,0,0,20260809,20261219
I5 UI MTH,0,0,0,0,0,0,0,20260809,20261219
I5 UIF,0,0,0,0,0,0,0,20260809,20261219
I5 UIF LATE,0,0,0,0,0,0,0,20260809,20261219
I5 UISA,0,0,0,0,0,0,0,20260809,20261219
I5 UISU,0,0,0,0,0,0,0,20260809,20261219
I6 THURS,0,0,0,0,0,0,0,20260809,20261219
I6 UI MTH LATE,0,0,0,0,0,0,0,20260809,20261219
I6 UIF,0,0,0,0,0,0,0,20260809,20261219
I6 UIF LATE,0,0,0,0,0,0,0,20260809,20261219
I6 UIMF,0,0,0,0,0,0,0,20260809,20261219
I6 UISA,0,0,0,0,0,0,0,20260809,20261219
I6 UISU,0,0,0,0,0,0,0,20260809,20261219
I7 THURS,0,0,0,0,0,0,0,20260809,20261219
I7 UIF,0,0,0,0,0,0,0,20260809,20261219
I7 UIF LATE,0,0,0,0,0,0,0,20260809,20261219
I7 UIMTH,0,0,0,0,0,0,0,20260809,20261219
I7 UISA,0,0,0,0,0,0,0,20260809,20261219
I7 UISU,0,0,0,0,0,0,0,20260809,20261219
I8 THURS,0,0,0,0,0,0,0,20260809,20261219
I8 UIF,0,0,0,0,0,0,0,20260809,20261219
I8 UIF LATE,0,0,0,0,0,0,0,20260809,20261219
I8 UIMF,0,0,0,0,0,0,0,20260809,20261219
I8 UIMTH LATE,0,0,0,0,0,0,0,20260809,20261219
L1 NOSCH MF,0,0,0,0,0,0,0,20260809,20261219
L1 SA,0,0,0,0,0,0,0,20260809,20261219
L1 SCH MF,0,0,0,0,0,0,0,20260809,20261219
L1 SU,0,0,0,0,0,0,0,20260809,20261219
L2 NOSCH MF,0,0,0,0,0,0,0,20260809,20261219
L2 SA,0,0,0,0,0,0,0,20260809,20261219
L2 SCH MF,0,0,0,0,0,0,0,20260809,20261219
L2 SU,0,0,0,0,0,0,0,20260809,20261219
LM1 MF,0,0,0,0,0,0,0,20260809,20261219
LM1 SA,0,0,0,0,0,0,0,20260809,20261219
LM1 SU,0,0,0,0,0,0,0,20260809,20261219
LM2 MF,0,0,0,0,0,0,0,20260809,20261219
LM2 SA,0,0,0,0,0,0,0,20260809,20261219
LM2 SU,0,0,0,0,0,0,0,20260809,20261219
LN1 MF,0,0,0,0,0,0,0,20260809,20261219
LN2 MF,0,0,0,0,0,0,0,20260809,20261219
LN3 MF,0,0,0,0,0,0,0,20260809,20261219
N1 MF,0,0,0,0,0,0,0,20260809,20261219
N2 MF,0,0,0,0,0,0,0,20260809,20261219
N3 MF,0,0,0,0,0,0,0,20260809,20261219
O1 MF,0,0,0,0,0,0,0,20260809,20261219
O2 MF,0,0,0,0,0,0,0,20260809,20261219
O3 MF,0,0,0,0,0,0,0,20260809,20261219
O4 RUBY MF,0,0,0,0,0,0,0,20260809,20261219
ORANGE GREEN,0,0,0,0,0,0,0,20260809,20261219
P1 MF,0,0,0,0,0,0,0,20260809,20261219
P2 MF SCH,0,0,0,0,0,0,0,20260809,20261219
P2 NOSCH MF,0,0,0,0,0,0,0,20260809,20261219
R1 MF,0,0,0,0,0,0,0,20260809,20261219
R1 SA,0,0,0,0,0,0,0,20260809,20261219
R2 MF,0,0,0,0,0,0,0,20260809,20261219
R2 SA,0,0,0,0,0,0,0,20260809,20261219
R3 MF,0,0,0,0,0,0,0,20260809,20261219
R3 SA,0,0,0,0,0,0,0,20260809,20261219
R4 MF,0,0,0,0,0,0,0,20260809,20261219
R5 MF,0,0,0,0,0,0,0,20260809,20261219
RUB1 SA,0,0,0,0,0,0,0,20260809,20261219
RUB1 SU,0,0,0,0,0,0,0,20260809,20261219
RV1 MF,0,0,0,0,0,0,0,20260809,20261219
SV1 NONUI SA,0,0,0,0,0,0,0,20260809,20261219
SV1 NONUI SU,0,0,0,0,0,0,0,20260809,20261219
SV1 UIF,0,0,0,0,0,0,0,20260809,20261219
SV1 UIMTH,0,0,0,0,0,0,0,20260809,20261219
SV1 UISA,0,0,0,0,0,0,0,20260809,20261219
SV1 UISU,0,0,0,0,0,0,0,20260809,20261219
SV1 UISU LATE,0,0,0,0,0,0,0,20260809,20261219
SV2 NONUI MF,0,0,0,0,0,0,0,20260809,20261219
SV2 UIMF,0,0,0,0,0,0,0,20260809,20261219
SV2 UISA,0,0,0,0,0,0,0,20260809,20261219
SV2 UISU,0,0,0,0,0,0,0,20260809,20261219
SV2 UISU LATE,0,0,0,0,0,0,0,20260809,20261219
SV3 UIMF,0,0,0,0,0,0,0,20260809,20261219
SV4 NOSCH NOUI,0,0,0,0,0,0,0,20260809,20261219
SV4 NOSCH UIF,0,0,0,0,0,0,0,20260809,20261219
SV4 NOSCH UIMTH,0,0,0,0,0,0,0,20260809,20261219
SV4 SCH NONUI,0,0,0,0,0,0,0,20260809,20261219
SV4 SCH UIF,0,0,0,0,0,0,0,20260809,20261219
SV4 SCH UIMTH,0,0,0,0,0,0,0,20260809,20261219
SV5 UIMF,0,0,0,0,0,0,0,20260809,20261219
T1 NONUI MF,0,0,0,0,0,0,0,20260809,20261219
T1 NONUI SA,0,0,0,0,0,0,0,20260809,20261219
T1 SU,0,0,0,0,0,0,0,20260809,20261219
T1 UIF,0,0,0,0,0,0,0,20260809,20261219
T1 UIMTH,0,0,0,0,0,0,0,20260809,20261219
T1 UISA,0,0,0,0,0,0,0,20260809,20261219
T1 UISU LATE,0,0,0,0,0,0,0,20260809,20261219
T2 NONUI SA,0,0,0,0,0,0,0,20260809,20261219
T2 SU,0,0,0,0,0,0,0,20260809,20261219
T2 UIMF,0,0,0,0,0,0,0,20260809,20261219
T2 UISA,0,0,0,0,0,0,0,20260809,20261219
T2 UISU LATE,0,0,0,0,0,0,0,20260809,20261219
T3 NONUI MF,0,0,0,0,0,0,0,20260809,20261219
T3 UIMF,0,0,0,0,0,0,0,20260809,20261219
T4 UIMF,0,0,0,0,0,0,0,20260809,20261219
T5 UIMF,0,0,0,0,0,0,0,20260809,20261219
Y1 MF,0,0,0,0,0,0,0,20260809,20261219
Y1 NONUI SA,0,0,0,0,0,0,0,20260809,20261219
Y1 SU,0,0,0,0,0,0,0,20260809,20261219
Y1 UI SA,0,0,0,0,0,0,0,20260809,20261219
Y2 NONUI MF,0,0,0,0,0,0,0,20260809,20261219
Y2 NONUI SA,0,0,0,0,0,0,0,20260809,20261219
Y2 SU,0,0,0,0,0,0,0,20260809,20261219
Y2 UI MF,0,0,0,0,0,0,0,20260809,20261219
Y2 UI SA,0,0,0,0,0,0,0,20260809,20261219
Y2 UISU LATE,0,0,0,0,0,0,0,20260809,20261219
Y3 MF,0,0,0,0,0,0,0,20260809,20261219
Y3 SA,0,0,0,0,0,0,0,20260809,20261219
Y3 SU,0,0,0,0,0,0,0,20260809,20261219
Y4 MF,0,0,0,0,0,0,0,20260809,20261219
Y4 SA,0,0,0,0,0,0,0,20260809,20261219
Y4 SU,0,0,0,0,0,0,0,20260809,20261219
Y5 NONUI MF,0,0,0,0,0,0,0,20260809,20261219
Y5 NONUI SU,0,0,0,0,0,0,0,20260809,20261219
Y5 SA,0,0,0,0,0,0,0,20260809,20261219
Y5 UIMF,0,0,0,0,0,0,0,20260809,20261219
Y5 UISU LATE,0,0,0,0,0,0,0,20260809,20261219
Y6 UIMF,0,0,0,0,0,0,0,20260809,20261219
Y7 UIMF,0,0,0,0,0,0,0,20260809,20261219
Y8 UIMF,0,0,0,0,0,0,0,20260809,20261219
